LookAt 1200 800 -1200  50 125 0  0 1 0
Camera "perspective" 
        "float fov" [ 22 ] 
Sampler "halton" 
        "integer pixelsamples" [ 128 ] 
Film "image" 
        "integer xresolution" [ 1600 ] 
        "integer yresolution" [ 1000 ] 
        "string filename" [ "vw-van.exr" ]
        "float scale" 3

Sampler "sobol" "integer pixelsamples" 2048
Integrator "bdpt" 

WorldBegin

# Default Material
Material "uber" 
        "rgb Kd" [ 0.7 .7 .7 ]
        "rgb Ks" [ .1 .1 .1]
        "float roughness" .1

Shape "trianglemesh" "point P" [-2500 0 -1000  1500 0 -1000    1500 0 2700   -2500 0 2700 ]
  "integer indices" [0 1 2 0 2 3]

AttributeBegin
Rotate 180 0 1 0
  Rotate -90 1 0 0 
  LightSource "infinite"  "string mapname" "textures/pisa_latlong.exr"
AttributeEnd

# black rubber
MakeNamedMaterial "Mat" 
        "float roughness" [ 0.5 ] 
        "string type" [ "uber" ] 
        "rgb Kd" [ .01 .01 .01 ] 
        "rgb Ks" [ 0.2 .2 .2 ]
MakeNamedMaterial "paint-mirror"
   "string type" "mirror" "rgb Kr" [.1 .1 .1]
  #  "string type" "uber" "rgb Kd" [0 0 0] "rgb Ks" [.5 .5 .5] "float roughness" .001

MakeNamedMaterial "paint-base"
   "string type" "substrate" "color Kd" [.7 .125 .125] "color Ks" [.1 .1 .1]
     "float uroughness" .01 "float vroughness" .01 
MakeNamedMaterial "Car Paint - Glossy Blue"  "string type" "mix"
   "string namedmaterial1" [ "paint-mirror" ] 
   "string namedmaterial2" [ "paint-base" ] 

MakeNamedMaterial "Metal - Chrome" 
        "float roughness" [ 0.01 ] 
        "string type" [ "metal" ] 
        "spectrum k" "spds/Al.k.spd"
        "spectrum eta" "spds/Al.eta.spd"
MakeNamedMaterial "Mat.1"  # white painted stuff
    "string type" "fourier" "string bsdffile" "bsdfs/ceramic.bsdf"
MakeNamedMaterial "Glass-Simple.1" 
        "string type" [ "glass" ] 
MakeNamedMaterial "indicator_glass" 
        "string type" [ "glass" ] 
MakeNamedMaterial "Glass-Simple" 
        "string type" [ "glass" ] 
MakeNamedMaterial "opticforheadlamp" 
        "string type" [ "glass" ] 

AttributeBegin
    ObjectBegin "Null.60"

    AttributeBegin
        # Cube
        ConcatTransform [ 1 0 0 0 0 -4.37113883e-08 1 0 0 -1 -4.37113883e-08 0 0 0.292991638 -0.165222287 1  ]

        AttributeBegin
            # Cube

            AttributeBegin
                NamedMaterial "Mat"
                Shape "plymesh" "string filename" "geometry/mesh_00001.ply" 
            AttributeEnd
        AttributeEnd
    AttributeEnd

    AttributeBegin
        # Cube
        ConcatTransform [ 0.998970568 1.98287875e-09 -0.0453629754 0 0.0453629754 -4.36663932e-08 0.998970568 0 0 -1 -4.37113883e-08 0 -3.38286328 -3.67646885 -0.277225435 1  ]

        AttributeBegin
            # Cube

            AttributeBegin
                NamedMaterial "Mat"
                Shape "plymesh" "string filename" "geometry/mesh_00002.ply" 
            AttributeEnd
        AttributeEnd
    AttributeEnd

    AttributeBegin
        # Cube.1
        ConcatTransform [ 0.998970568 1.98287875e-09 -0.0453629754 0 0.0453629754 -4.36663932e-08 0.998970568 0 0 -1 -4.37113883e-08 0 0.326629639 -7.52659464 -0.445672184 1  ]

        AttributeBegin
            # Cube.1

            AttributeBegin
                NamedMaterial "Mat"
                Shape "plymesh" "string filename" "geometry/mesh_00003.ply" 
            AttributeEnd
        AttributeEnd
    AttributeEnd

    AttributeBegin
        # Cube.1
        ConcatTransform [ 0.998970568 1.98287875e-09 -0.0453629754 0 0.0453629754 -4.36663932e-08 0.998970568 0 0 -1 -4.37113883e-08 0 -3.27911162 -11.4200439 -0.281936169 1  ]

        AttributeBegin
            # Cube.1

            AttributeBegin
                NamedMaterial "Mat"
                Shape "plymesh" "string filename" "geometry/mesh_00004.ply" 
            AttributeEnd
        AttributeEnd
    AttributeEnd

    AttributeBegin
        # Cube.2
        ConcatTransform [ 0.998970568 1.98287875e-09 -0.0453629754 0 0.0453629754 -4.36663932e-08 0.998970568 0 0 -1 -4.37113883e-08 0 1.2474277 -15.1919765 -0.487484753 1  ]

        AttributeBegin
            # Cube.2

            AttributeBegin
                NamedMaterial "Mat"
                Shape "plymesh" "string filename" "geometry/mesh_00005.ply" 
            AttributeEnd
        AttributeEnd
    AttributeEnd
AttributeEnd
ObjectEnd

AttributeBegin
    ObjectBegin "Null.60"

    AttributeBegin
        # Cube
        ConcatTransform [ 1 0 0 0 0 -4.37113883e-08 1 0 0 -1 -4.37113883e-08 0 0 0.292991638 -0.165222287 1  ]

        AttributeBegin
            # Cube

            AttributeBegin
                NamedMaterial "Mat"
                Shape "plymesh" "string filename" "geometry/mesh_00006.ply" 
            AttributeEnd
        AttributeEnd
    AttributeEnd

    AttributeBegin
        # Cube
        ConcatTransform [ 0.998970568 1.98287875e-09 -0.0453629754 0 0.0453629754 -4.36663932e-08 0.998970568 0 0 -1 -4.37113883e-08 0 -3.38286328 -3.67646885 -0.277225435 1  ]

        AttributeBegin
            # Cube

            AttributeBegin
                NamedMaterial "Mat"
                Shape "plymesh" "string filename" "geometry/mesh_00007.ply" 
            AttributeEnd
        AttributeEnd
    AttributeEnd

    AttributeBegin
        # Cube.1
        ConcatTransform [ 0.998970568 1.98287875e-09 -0.0453629754 0 0.0453629754 -4.36663932e-08 0.998970568 0 0 -1 -4.37113883e-08 0 0.326629639 -7.52659464 -0.445672184 1  ]

        AttributeBegin
            # Cube.1

            AttributeBegin
                NamedMaterial "Mat"
                Shape "plymesh" "string filename" "geometry/mesh_00008.ply" 
            AttributeEnd
        AttributeEnd
    AttributeEnd

    AttributeBegin
        # Cube.1
        ConcatTransform [ 0.998970568 1.98287875e-09 -0.0453629754 0 0.0453629754 -4.36663932e-08 0.998970568 0 0 -1 -4.37113883e-08 0 -3.27911162 -11.4200439 -0.281936169 1  ]

        AttributeBegin
            # Cube.1

            AttributeBegin
                NamedMaterial "Mat"
                Shape "plymesh" "string filename" "geometry/mesh_00009.ply" 
            AttributeEnd
        AttributeEnd
    AttributeEnd

    AttributeBegin
        # Cube.2
        ConcatTransform [ 0.998970568 1.98287875e-09 -0.0453629754 0 0.0453629754 -4.36663932e-08 0.998970568 0 0 -1 -4.37113883e-08 0 1.2474277 -15.1919765 -0.487484753 1  ]

        AttributeBegin
            # Cube.2

            AttributeBegin
                NamedMaterial "Mat"
                Shape "plymesh" "string filename" "geometry/mesh_00010.ply" 
            AttributeEnd
        AttributeEnd
    AttributeEnd
AttributeEnd
ObjectEnd

AttributeBegin
    ObjectBegin "Null.60"

    AttributeBegin
        # Cube
        ConcatTransform [ 1 0 0 0 0 -4.37113883e-08 1 0 0 -1 -4.37113883e-08 0 0 0.292991638 -0.165222287 1  ]

        AttributeBegin
            # Cube

            AttributeBegin
                NamedMaterial "Mat"
                Shape "plymesh" "string filename" "geometry/mesh_00011.ply" 
            AttributeEnd
        AttributeEnd
    AttributeEnd

    AttributeBegin
        # Cube
        ConcatTransform [ 0.998970568 1.98287875e-09 -0.0453629754 0 0.0453629754 -4.36663932e-08 0.998970568 0 0 -1 -4.37113883e-08 0 -3.38286328 -3.67646885 -0.277225435 1  ]

        AttributeBegin
            # Cube

            AttributeBegin
                NamedMaterial "Mat"
                Shape "plymesh" "string filename" "geometry/mesh_00012.ply" 
            AttributeEnd
        AttributeEnd
    AttributeEnd

    AttributeBegin
        # Cube.1
        ConcatTransform [ 0.998970568 1.98287875e-09 -0.0453629754 0 0.0453629754 -4.36663932e-08 0.998970568 0 0 -1 -4.37113883e-08 0 0.326629639 -7.52659464 -0.445672184 1  ]

        AttributeBegin
            # Cube.1

            AttributeBegin
                NamedMaterial "Mat"
                Shape "plymesh" "string filename" "geometry/mesh_00013.ply" 
            AttributeEnd
        AttributeEnd
    AttributeEnd

    AttributeBegin
        # Cube.1
        ConcatTransform [ 0.998970568 1.98287875e-09 -0.0453629754 0 0.0453629754 -4.36663932e-08 0.998970568 0 0 -1 -4.37113883e-08 0 -3.27911162 -11.4200439 -0.281936169 1  ]

        AttributeBegin
            # Cube.1

            AttributeBegin
                NamedMaterial "Mat"
                Shape "plymesh" "string filename" "geometry/mesh_00014.ply" 
            AttributeEnd
        AttributeEnd
    AttributeEnd

    AttributeBegin
        # Cube.2
        ConcatTransform [ 0.998970568 1.98287875e-09 -0.0453629754 0 0.0453629754 -4.36663932e-08 0.998970568 0 0 -1 -4.37113883e-08 0 1.2474277 -15.1919765 -0.487484753 1  ]

        AttributeBegin
            # Cube.2

            AttributeBegin
                NamedMaterial "Mat"
                Shape "plymesh" "string filename" "geometry/mesh_00015.ply" 
            AttributeEnd
        AttributeEnd
    AttributeEnd
AttributeEnd
ObjectEnd

AttributeBegin
    ObjectBegin "Null.60"

    AttributeBegin
        # Cube
        ConcatTransform [ 1 0 0 0 0 -4.37113883e-08 1 0 0 -1 -4.37113883e-08 0 0 0.292991638 -0.165222287 1  ]

        AttributeBegin
            # Cube

            AttributeBegin
                NamedMaterial "Mat"
                Shape "plymesh" "string filename" "geometry/mesh_00016.ply" 
            AttributeEnd
        AttributeEnd
    AttributeEnd

    AttributeBegin
        # Cube
        ConcatTransform [ 0.998970568 1.98287875e-09 -0.0453629754 0 0.0453629754 -4.36663932e-08 0.998970568 0 0 -1 -4.37113883e-08 0 -3.38286328 -3.67646885 -0.277225435 1  ]

        AttributeBegin
            # Cube

            AttributeBegin
                NamedMaterial "Mat"
                Shape "plymesh" "string filename" "geometry/mesh_00017.ply" 
            AttributeEnd
        AttributeEnd
    AttributeEnd

    AttributeBegin
        # Cube.1
        ConcatTransform [ 0.998970568 1.98287875e-09 -0.0453629754 0 0.0453629754 -4.36663932e-08 0.998970568 0 0 -1 -4.37113883e-08 0 0.326629639 -7.52659464 -0.445672184 1  ]

        AttributeBegin
            # Cube.1

            AttributeBegin
                NamedMaterial "Mat"
                Shape "plymesh" "string filename" "geometry/mesh_00018.ply" 
            AttributeEnd
        AttributeEnd
    AttributeEnd

    AttributeBegin
        # Cube.1
        ConcatTransform [ 0.998970568 1.98287875e-09 -0.0453629754 0 0.0453629754 -4.36663932e-08 0.998970568 0 0 -1 -4.37113883e-08 0 -3.27911162 -11.4200439 -0.281936169 1  ]

        AttributeBegin
            # Cube.1

            AttributeBegin
                NamedMaterial "Mat"
                Shape "plymesh" "string filename" "geometry/mesh_00019.ply" 
            AttributeEnd
        AttributeEnd
    AttributeEnd

    AttributeBegin
        # Cube.2
        ConcatTransform [ 0.998970568 1.98287875e-09 -0.0453629754 0 0.0453629754 -4.36663932e-08 0.998970568 0 0 -1 -4.37113883e-08 0 1.2474277 -15.1919765 -0.487484753 1  ]

        AttributeBegin
            # Cube.2

            AttributeBegin
                NamedMaterial "Mat"
                Shape "plymesh" "string filename" "geometry/mesh_00020.ply" 
            AttributeEnd
        AttributeEnd
    AttributeEnd
AttributeEnd
ObjectEnd

AttributeBegin
    # -- Model by Mark Hodsman --
AttributeEnd

AttributeBegin
    # VWcommercial
    ConcatTransform [ 1 0 0 0 0 1 0 0 0 0 1 0 -1.65661621 8.62585449 0 1  ]

    AttributeBegin
        # back_joint
        ConcatTransform [ 1 0 0 0 0 1 0 0 0 0 1 0 0 0 4.09829712 1  ]

        AttributeBegin
            # Cylinder
            ConcatTransform [ 1 0 0 0 0 1 0 0 0 0 1 0 -386.615997 157.235565 -77.3406754 1  ]

            AttributeBegin
                # Cylinder

                AttributeBegin
                    NamedMaterial "Car Paint - Glossy Blue"
                    Shape "plymesh" "string filename" "geometry/mesh_00021.ply" 
                AttributeEnd
            AttributeEnd
        AttributeEnd

        AttributeBegin
            # Cylinder.1
            ConcatTransform [ 1 0 0 0 0 1 0 0 0 0 1 0 -386.615997 157.235565 -75.216507 1  ]

            AttributeBegin
                # Cylinder.1

                AttributeBegin
                    NamedMaterial "Car Paint - Glossy Blue"
                    Shape "plymesh" "string filename" "geometry/mesh_00022.ply" 
                AttributeEnd
            AttributeEnd
        AttributeEnd

        AttributeBegin
            # Cylinder.2
            ConcatTransform [ 1 0 0 0 0 1 0 0 0 0 1 0 -386.615997 157.235565 -79.4825897 1  ]

            AttributeBegin
                # Cylinder.2

                AttributeBegin
                    NamedMaterial "Car Paint - Glossy Blue"
                    Shape "plymesh" "string filename" "geometry/mesh_00023.ply" 
                AttributeEnd
            AttributeEnd
        AttributeEnd

        AttributeBegin
            # Cylinder.3
            ConcatTransform [ 1 0 0 0 0 1 0 0 0 0 1 0 -386.615997 157.235565 -73.087616 1  ]

            AttributeBegin
                # Cylinder.3

                AttributeBegin
                    NamedMaterial "Car Paint - Glossy Blue"
                    Shape "plymesh" "string filename" "geometry/mesh_00024.ply" 
                AttributeEnd
            AttributeEnd
        AttributeEnd
    AttributeEnd

    AttributeBegin
        # back_joint.1
        ConcatTransform [ 1 0 0 0 0 1 0 0 0 0 1 0 0 0 145.74884 1  ]

        AttributeBegin
            # Cylinder
            ConcatTransform [ 1 0 0 0 0 1 0 0 0 0 1 0 -386.615997 157.235565 -77.3406754 1  ]

            AttributeBegin
                # Cylinder

                AttributeBegin
                    NamedMaterial "Car Paint - Glossy Blue"
                    Shape "plymesh" "string filename" "geometry/mesh_00025.ply" 
                AttributeEnd
            AttributeEnd
        AttributeEnd

        AttributeBegin
            # Cylinder.1
            ConcatTransform [ 1 0 0 0 0 1 0 0 0 0 1 0 -386.615997 157.235565 -75.216507 1  ]

            AttributeBegin
                # Cylinder.1

                AttributeBegin
                    NamedMaterial "Car Paint - Glossy Blue"
                    Shape "plymesh" "string filename" "geometry/mesh_00026.ply" 
                AttributeEnd
            AttributeEnd
        AttributeEnd

        AttributeBegin
            # Cylinder.2
            ConcatTransform [ 1 0 0 0 0 1 0 0 0 0 1 0 -386.615997 157.235565 -79.4825897 1  ]

            AttributeBegin
                # Cylinder.2

                AttributeBegin
                    NamedMaterial "Car Paint - Glossy Blue"
                    Shape "plymesh" "string filename" "geometry/mesh_00027.ply" 
                AttributeEnd
            AttributeEnd
        AttributeEnd

        AttributeBegin
            # Cylinder.3
            ConcatTransform [ 1 0 0 0 0 1 0 0 0 0 1 0 -386.615997 157.235565 -73.087616 1  ]

            AttributeBegin
                # Cylinder.3

                AttributeBegin
                    NamedMaterial "Car Paint - Glossy Blue"
                    Shape "plymesh" "string filename" "geometry/mesh_00028.ply" 
                AttributeEnd
            AttributeEnd
        AttributeEnd
    AttributeEnd

    AttributeBegin
        # numberplate_completeback

        AttributeBegin
            # Extrude
            ConcatTransform [ 0.991088569 -0.133204371 0 0 0.133204371 0.991088569 0 0 -0 0 1 0 -451.420319 106.615089 -26.561676 1  ]

            AttributeBegin
                # Extrude

                AttributeBegin
                    NamedMaterial "Metal - Chrome"
                    Shape "plymesh" "string filename" "geometry/mesh_00029.ply" 
                AttributeEnd

                AttributeBegin
                    # Cap 1
                    ConcatTransform [ 4.88794456e-07 -0 -1 0 0.0954455137 0.995434642 4.66532342e-08 0 0.995434642 -0.0954455137 4.86562897e-07 0 67.8704758 9.96169949 27.1554794 1  ]

                    AttributeBegin
                        NamedMaterial "Metal - Chrome"
                        Shape "plymesh" "string filename" "geometry/mesh_00030.ply" 
                    AttributeEnd
                AttributeEnd

                AttributeBegin
                    # Cap 2
                    ConcatTransform [ 4.88794456e-07 -0 -1 0 0.0954455137 0.995434642 4.66532342e-08 0 0.995434642 -0.0954455137 4.86562897e-07 0 67.8704758 9.96169949 27.1554794 1  ]

                    AttributeBegin
                        NamedMaterial "Metal - Chrome"
                        Shape "plymesh" "string filename" "geometry/mesh_00031.ply" 
                    AttributeEnd
                AttributeEnd
            AttributeEnd

            AttributeBegin
                # Text
                ConcatTransform [ 4.88762055e-07 -0 -1 0 0.0954455137 0.995434642 4.66501433e-08 0 0.995434642 -0.0954455137 4.86530666e-07 0 67.8704758 9.96169949 27.1554794 1  ]

                AttributeBegin
                    # Text
                AttributeEnd
            AttributeEnd
        AttributeEnd

        AttributeBegin
            # numberplate
            ConcatTransform [ 0.976503193 -0.215502977 0 0 0.215502977 0.976503193 0 0 -0 0 1 0 -380.644684 113.963829 0 1  ]

            AttributeBegin
                # numberplate

                AttributeBegin
                    NamedMaterial "Mat.1"
                    Shape "plymesh" "string filename" "geometry/mesh_00032.ply" 
                AttributeEnd
            AttributeEnd
        AttributeEnd
    AttributeEnd

    AttributeBegin
        # numberplate_complete.1
        ConcatTransform [ -0.999015689 -0.0415573157 0.0155132571 0 -0.0415898338 0.999133408 -0.0017787118 0 -0.0154258916 -0.00242215418 -0.999878109 0 378.043182 75.0985336 0.857624352 1  ]

        AttributeBegin
            # Extrude
            ConcatTransform [ 0.991088569 -0.133204371 0 0 0.133204371 0.991088569 0 0 -0 0 1 0 -39.1303444 -3.82672644 -15.0429478 1  ]

            AttributeBegin
                # Extrude

                AttributeBegin
                    NamedMaterial "Metal - Chrome"
                    Shape "plymesh" "string filename" "geometry/mesh_00033.ply" 
                AttributeEnd

                AttributeBegin
                    # Cap 1
                    ConcatTransform [ 4.88794456e-07 -0 -1 0 0.0954455137 0.995434642 4.66532342e-08 0 0.995434642 -0.0954455137 4.86562897e-07 0 38.315567 5.62378454 15.330348 1  ]

                    AttributeBegin
                        NamedMaterial "Metal - Chrome"
                        Shape "plymesh" "string filename" "geometry/mesh_00034.ply" 
                    AttributeEnd
                AttributeEnd

                AttributeBegin
                    # Cap 2
                    ConcatTransform [ 4.88794456e-07 -0 -1 0 0.0954455137 0.995434642 4.66532342e-08 0 0.995434642 -0.0954455137 4.86562897e-07 0 38.315567 5.62378454 15.330348 1  ]

                    AttributeBegin
                        NamedMaterial "Metal - Chrome"
                        Shape "plymesh" "string filename" "geometry/mesh_00035.ply" 
                    AttributeEnd
                AttributeEnd
            AttributeEnd

            AttributeBegin
                # Text
                ConcatTransform [ 4.88762055e-07 -0 -1 0 0.0954455137 0.995434642 4.66501433e-08 0 0.995434642 -0.0954455137 4.86530666e-07 0 38.315567 5.62378454 15.330348 1  ]

                AttributeBegin
                    # Text
                AttributeEnd
            AttributeEnd
        AttributeEnd

        AttributeBegin
            # numberplate
            ConcatTransform [ -0.976503134 0.215502873 0.000415422081 0 0.215502888 0.976503193 -1.85622952e-07 0 -0.000405700994 8.93433971e-05 -0.99999994 0 0.825301826 0.321937978 -0.0478262305 1  ]

            AttributeBegin
                # numberplate

                AttributeBegin
                    NamedMaterial "Mat.1"
                    Shape "plymesh" "string filename" "geometry/mesh_00036.ply" 
                AttributeEnd
            AttributeEnd
        AttributeEnd
    AttributeEnd

    AttributeBegin
        # wingmirrorSYM

        AttributeBegin
            # wing_mirror
            ConcatTransform [ -0.984961927 -0.0882137567 0.148554265 0 -0.0949729308 0.994714677 -0.0390241593 0 -0.144326627 -0.0525459461 -0.988133967 0 309.773407 205.409927 138.857773 1  ]

            AttributeBegin
                # Null
                ConcatTransform [ 0.864815831 -2.58525461e-07 0.502089024 0 2.48038333e-07 1 8.76697044e-08 0 -0.502089024 4.87191762e-08 0.864815831 0 10.7905521 48.3782806 -20.0433655 1  ]

                AttributeBegin
                    # Sphere
                    ConcatTransform [ 1 0 0 0 0 1 0 0 0 0 1 0 4.10145187 -0.185233355 -0.305648804 1  ]

                    AttributeBegin
                        NamedMaterial "Metal - Chrome"
                        Shape "plymesh" "string filename" "geometry/mesh_00037.ply" 
                    AttributeEnd
                AttributeEnd

                AttributeBegin
                    # Cylinder
                    ConcatTransform [ 1 0 0 0 0 1 0 0 0 0 1 0 4.84211731 -0.0663807392 -0.468658447 1  ]

                    AttributeBegin
                        NamedMaterial "Metal - Chrome"
                        Shape "plymesh" "string filename" "geometry/mesh_00038.ply" 
                    AttributeEnd
                AttributeEnd
            AttributeEnd

            AttributeBegin
                # Sweep
                ConcatTransform [ 0.705663979 -6.66400197e-08 0.708546638 0 9.57397148e-08 1 -1.29850231e-09 0 -0.708546638 6.87523567e-08 0.705663979 0 -87.0015793 -165.222702 83.3410263 1  ]

                AttributeBegin
                    NamedMaterial "Metal - Chrome"
                    Shape "plymesh" "string filename" "geometry/mesh_00039.ply" 
                AttributeEnd

                AttributeBegin
                    # Cap 1
                    ConcatTransform [ -2.28247181e-08 0.929900169 0.367812097 0 -1 6.539421e-09 -7.85883003e-08 0 -7.54845502e-08 -0.367812097 0.929900169 0 -4.78602806e-06 213.593918 -142.745178 1  ]

                    AttributeBegin
                        NamedMaterial "Metal - Chrome"
                        Shape "plymesh" "string filename" "geometry/mesh_00040.ply" 
                    AttributeEnd
                AttributeEnd

                AttributeBegin
                    # Cap 2
                    ConcatTransform [ 6.77553942e-08 -0.438652277 -0.898656845 0 -1 6.53941967e-09 -7.85883145e-08 0 4.03496365e-08 0.898656845 -0.438652277 0 -7.23686298e-06 169.565811 -115.223053 1  ]

                    AttributeBegin
                        NamedMaterial "Metal - Chrome"
                        Shape "plymesh" "string filename" "geometry/mesh_00041.ply" 
                    AttributeEnd
                AttributeEnd
            AttributeEnd
        AttributeEnd

        AttributeBegin
            # wing_mirror
            ConcatTransform [ -0.984961927 -0.0882137567 0.148554265 0 -0.0949729308 0.994714677 -0.0390241593 0 -0.144326627 -0.0525459461 -0.988133967 0 309.773407 205.409927 138.857773 1  ]

            AttributeBegin
                # Null
                ConcatTransform [ 0.864815831 -2.58525461e-07 0.502089024 0 2.48038333e-07 1 8.76697044e-08 0 -0.502089024 4.87191762e-08 0.864815831 0 10.7905521 48.3782806 -20.0433655 1  ]

                AttributeBegin
                    # Sphere
                    ConcatTransform [ 1 0 0 0 0 1 0 0 0 0 1 0 4.10145187 -0.185233355 -0.305648804 1  ]

                    AttributeBegin
                        # Sphere
                    AttributeEnd
                AttributeEnd

                AttributeBegin
                    # Cylinder
                    ConcatTransform [ 1 0 0 0 0 1 0 0 0 0 1 0 4.84211731 -0.0663807392 -0.468658447 1  ]

                    AttributeBegin
                        # Cylinder
                    AttributeEnd
                AttributeEnd
            AttributeEnd

            AttributeBegin
                # Sweep
                ConcatTransform [ 0.705663979 -6.66400197e-08 0.708546638 0 9.57397148e-08 1 -1.29850231e-09 0 -0.708546638 6.87523567e-08 0.705663979 0 -87.0015793 -165.222702 83.3410263 1  ]

                AttributeBegin
                    # Sweep

                    AttributeBegin
                        # Cap 1
                        ConcatTransform [ -2.28247181e-08 0.929900169 0.367812097 0 -1 6.539421e-09 -7.85883003e-08 0 -7.54845502e-08 -0.367812097 0.929900169 0 -4.78602806e-06 213.593918 -142.745178 1  ]
                    AttributeEnd

                    AttributeBegin
                        # Cap 2
                        ConcatTransform [ 6.77553942e-08 -0.438652277 -0.898656845 0 -1 6.53941967e-09 -7.85883145e-08 0 4.03496365e-08 0.898656845 -0.438652277 0 -7.23686298e-06 169.565811 -115.223053 1  ]
                    AttributeEnd
                AttributeEnd

                AttributeBegin
                    # Circle
                    ConcatTransform [ 1 0 0 0 0 1 0 0 0 0 1 0 -2.67028809e-05 -1.01327896e-06 0 1  ]

                    AttributeBegin
                        # Circle
                    AttributeEnd
                AttributeEnd

                AttributeBegin
                    # Spline
                    ConcatTransform [ -4.37113883e-08 -0 1 0 0 1 0 0 -1 0 -4.37113883e-08 0 -7.62939453e-06 195.675537 -108.055641 1  ]

                    AttributeBegin
                        # Spline
                    AttributeEnd
                AttributeEnd
            AttributeEnd
        AttributeEnd
    AttributeEnd

    AttributeBegin
        # roof_comm
        ConcatTransform [ 1 0 0 0 0 1 0 0 0 0 1 0 0 -1.0552063 0 1  ]
    AttributeEnd

    AttributeBegin
        # Subdivision Surface
        ConcatTransform [ 1 0 0 0 0 1 0 0 0 0 1 0 0 -1.0552063 0 1  ]

        AttributeBegin
            # Loft NURBS

            AttributeBegin
                NamedMaterial "Car Paint - Glossy Blue"
                Shape "plymesh" "string filename" "geometry/mesh_00042.ply" 
            AttributeEnd
        AttributeEnd

        AttributeBegin
            # Loft NURBS
        AttributeEnd
    AttributeEnd

    AttributeBegin
        # fr bumper complete
        ConcatTransform [ 1 0 0 0 0 1 0 0 0 0 1 0 374.080994 70.8121643 0 1  ]

        AttributeBegin
            # lo_bumper
            ConcatTransform [ 1 0 0 0 0 1 0 0 0 0 1 0 -377.666565 -87.2328186 0 1  ]

            AttributeBegin
                # Cube.1
                ConcatTransform [ 0.989364624 -0 -0.145456597 0 0 1 -0 0 0.145456597 0 0.989364624 0 375.425537 85.4460449 -33.4992371 1  ]

                AttributeBegin
                    NamedMaterial "Mat.1"
                    Shape "plymesh" "string filename" "geometry/mesh_00043.ply" 
                AttributeEnd
            AttributeEnd

            AttributeBegin
                # Cube.1
                ConcatTransform [ 0.989364624 -0 -0.145456597 0 0 1 -0 0 0.145456597 0 0.989364624 0 375.425537 85.4460449 -33.4992371 1  ]
            AttributeEnd
        AttributeEnd

        AttributeBegin
            # Cube.1
            ConcatTransform [ 1 0 0 0 0 1 0 0 0 0 1 0 -14.3305054 10.5786438 -64.8387756 1  ]

            AttributeBegin
                NamedMaterial "Mat.1"
                Shape "plymesh" "string filename" "geometry/mesh_00044.ply" 
            AttributeEnd
        AttributeEnd

        AttributeBegin
            # Sweep NURBS.1
            ConcatTransform [ 1 0 0 0 0 1 0 0 0 0 1 0 -379.081085 -48.9438324 -1.13439941 1  ]

            AttributeBegin
                NamedMaterial "Mat.1"
                Shape "plymesh" "string filename" "geometry/mesh_00045.ply" 
            AttributeEnd

            AttributeBegin
                # Cap 1
                ConcatTransform [ -0.305443048 -0.0607956685 -0.950267553 0 -0.951812744 -0.00934243947 0.30653742 0 -0.027513966 0.998106539 -0.055012513 0 335.595398 53.4270782 -131.587189 1  ]

                AttributeBegin
                    NamedMaterial "Mat.1"
                    Shape "plymesh" "string filename" "geometry/mesh_00046.ply" 
                AttributeEnd
            AttributeEnd

            AttributeBegin
                # Cap 2
                ConcatTransform [ 0.258140534 0.966051757 -0.010368186 0 -0.96527344 0.258348674 0.0387701057 0 0.0401325338 0 0.999194384 0 374.494751 81.592392 1.21331024 1  ]

                AttributeBegin
                    NamedMaterial "Mat.1"
                    Shape "plymesh" "string filename" "geometry/mesh_00047.ply" 
                AttributeEnd
            AttributeEnd
        AttributeEnd
    AttributeEnd

    AttributeBegin
        # opening window
        ConcatTransform [ 1 -0 0 0 0 0.964548767 0.26390478 0 -0 -0.26390478 0.964548767 0 -162.364304 260.631866 -140.918015 1  ]

        AttributeBegin
            # Cube
            ConcatTransform [ 1 -0 0 0 0 0.999674976 0.0254940223 0 -0 -0.0254940223 0.999674976 0 -36.8621674 5.90448761 1.51216125 1  ]

            AttributeBegin
                # Cube
                Shape "plymesh" "string filename" "geometry/mesh_00048.ply" 
            AttributeEnd
        AttributeEnd
    AttributeEnd

    AttributeBegin
        # rubber_stops

        AttributeBegin
            # Cone
            ConcatTransform [ 1 0 0 0 0 1 0 0 0 0 1 0 171.161163 224.520187 -161.138367 1  ]

            AttributeBegin
                # Cone

                AttributeBegin
                    NamedMaterial "Mat"
                    Shape "plymesh" "string filename" "geometry/mesh_00049.ply" 
                AttributeEnd
            AttributeEnd
        AttributeEnd

        AttributeBegin
            # Cone_copies
            ConcatTransform [ 1 0 0 0 0 1 0 0 0 0 1 0 64.5552673 224.520187 -161.138367 1  ]

            AttributeBegin
                # Cone.0
                ConcatTransform [ 1 0 0 0 0 1 0 0 0 0 1 0 -5.24493408 0 0 1  ]

                AttributeBegin
                    # Cone

                    AttributeBegin
                        # Cone

                        AttributeBegin
                            NamedMaterial "Mat"
                            Shape "plymesh" "string filename" "geometry/mesh_00050.ply" 
                        AttributeEnd
                    AttributeEnd
                AttributeEnd
            AttributeEnd

            AttributeBegin
                # Cone.1
                ConcatTransform [ 1 0 0 0 0 1 0 0 0 0 1 0 -115.295471 0 0 1  ]

                AttributeBegin
                    # Cone

                    AttributeBegin
                        # Cone

                        AttributeBegin
                            NamedMaterial "Mat"
                            Shape "plymesh" "string filename" "geometry/mesh_00051.ply" 
                        AttributeEnd
                    AttributeEnd
                AttributeEnd
            AttributeEnd

            AttributeBegin
                # Cone.2
                ConcatTransform [ 1 0 0 0 0 1 0 0 0 0 1 0 -213.406921 0 0 1  ]

                AttributeBegin
                    # Cone

                    AttributeBegin
                        # Cone

                        AttributeBegin
                            NamedMaterial "Mat"
                            Shape "plymesh" "string filename" "geometry/mesh_00052.ply" 
                        AttributeEnd
                    AttributeEnd
                AttributeEnd
            AttributeEnd
        AttributeEnd
    AttributeEnd

    AttributeBegin
        # fr_indicator

        AttributeBegin
            # ellipse indicator
            ConcatTransform [ 0.449088424 0.00421267655 0.893477499 0 0.88794446 0.10910961 -0.446821779 0 -0.09936928 0.99402076 0.0452592336 0 324.340485 175.251236 -108.077278 1  ]

            AttributeBegin
                # Cylinder
                ConcatTransform [ -0.00592942256 0.999333739 -0.0360073373 0 0.00465979381 0.0360351987 0.999339581 0 0.99997139 0.00575772021 -0.00487035746 0 -0.370954186 -1.2988677 0.114388943 1  ]

                AttributeBegin
                    NamedMaterial "Glass-Simple.1"
                    Shape "plymesh" "string filename" "geometry/mesh_00053.ply" 
                AttributeEnd
            AttributeEnd

            AttributeBegin
                # Cone
                ConcatTransform [ 0.00370379444 0.999927819 -0.0114389127 0 -0.00413631508 0.0114542115 0.999925852 0 0.999984384 -0.00365620363 0.00417843927 0 -0.751654625 -7.22465754 -0.430682361 1  ]

                AttributeBegin
                    NamedMaterial "Metal - Chrome"
                    Shape "plymesh" "string filename" "geometry/mesh_00054.ply" 
                AttributeEnd
            AttributeEnd

            AttributeBegin
                # glass
                ConcatTransform [ 1 0 0 0 0 1 0 0 0 0 1 0 7.62939453e-06 6.10351562e-05 6.00814819e-05 1  ]

                AttributeBegin
                    NamedMaterial "indicator_glass"
                    Shape "plymesh" "string filename" "geometry/mesh_00055.ply" 
                AttributeEnd
            AttributeEnd

            AttributeBegin
                # rim
                ConcatTransform [ 1 0 0 0 0 1 0 0 0 0 1 0 7.62939453e-06 6.10351562e-05 6.00814819e-05 1  ]

                AttributeBegin
                    NamedMaterial "Metal - Chrome"
                    Shape "plymesh" "string filename" "geometry/mesh_00056.ply" 
                AttributeEnd
            AttributeEnd
        AttributeEnd
    AttributeEnd

    AttributeBegin
        # fr_window

        AttributeBegin
            # fr_door_window

            AttributeBegin
                # Cube
                ConcatTransform [ 0.895799458 -2.10734239e-08 0.444458425 0 1.88775626e-08 1 9.36626066e-09 0 -0.444458425 2.60141421e-16 0.895799458 0 243.563599 296.393738 -127.586861 1  ]

                AttributeBegin
                    NamedMaterial "Metal - Chrome"
                    Shape "plymesh" "string filename" "geometry/mesh_00057.ply" 
                AttributeEnd
            AttributeEnd

            AttributeBegin
                # Cube.1
                ConcatTransform [ 0.991108477 0.0707644746 0.112678289 0 -0.0973760039 -0.191346005 0.976680398 0 0.090674825 -0.978968501 -0.182753906 0 237.288055 244.020386 -142.88443 1  ]

                AttributeBegin
                    NamedMaterial "Metal - Chrome"
                    Shape "plymesh" "string filename" "geometry/mesh_00058.ply" 
                AttributeEnd
            AttributeEnd

            AttributeBegin
                # glass1
                ConcatTransform [ 1 0 0 0 0 -4.37113883e-08 -1 0 0 1 -4.37113883e-08 0 214.76561 257.058838 -146.458008 1  ]

                AttributeBegin
                    NamedMaterial "Glass-Simple"
                    Shape "plymesh" "string filename" "geometry/mesh_00059.ply" 
                AttributeEnd
            AttributeEnd

            AttributeBegin
                # glasas2
                ConcatTransform [ 1 -0 0 0 0 0.0263238102 -0.999653459 0 -0 0.999653459 0.0263238102 0 169.27298 257.059357 -146.61821 1  ]

                AttributeBegin
                    NamedMaterial "Glass-Simple"
                    Shape "plymesh" "string filename" "geometry/mesh_00060.ply" 
                AttributeEnd
            AttributeEnd

            AttributeBegin
                # glasas2.1
                ConcatTransform [ 1 -0 0 0 0 0.026323691 -0.999653459 0 -0 0.999653459 0.026323691 0 285.878174 257.059357 -146.61821 1  ]

                AttributeBegin
                    NamedMaterial "Glass-Simple"
                    Shape "plymesh" "string filename" "geometry/mesh_00061.ply" 
                AttributeEnd
            AttributeEnd

            AttributeBegin
                # Subdivision Surface

                AttributeBegin
                    # Cube
                    ConcatTransform [ 1 -0 0 0 0 0.977025211 0.213123783 0 -0 -0.213123783 0.977025211 0 239.228241 240.233856 -143.162247 1  ]

                    AttributeBegin
                        NamedMaterial "Metal - Chrome"
                        Shape "plymesh" "string filename" "geometry/mesh_00062.ply" 
                    AttributeEnd
                AttributeEnd
            AttributeEnd

            AttributeBegin
                # Cube
                ConcatTransform [ 0.930198014 0.352608889 0.101974875 0 -0.367058396 0.893579662 0.258425057 0 2.90103401e-07 -0.27781716 0.960633993 0 238.392105 266.739075 -140.037338 1  ]

                AttributeBegin
                    NamedMaterial "Car Paint - Glossy Blue"
                    Shape "plymesh" "string filename" "geometry/mesh_00063.ply" 
                AttributeEnd
            AttributeEnd

            AttributeBegin
                # Cube
                ConcatTransform [ 1 -0 0 0 0 0.961242616 0.275703937 0 -0 -0.275703937 0.961242616 0 178.443253 264.232544 -138.927246 1  ]

                AttributeBegin
                    NamedMaterial "Mat.1"
                    Shape "plymesh" "string filename" "geometry/mesh_00064.ply" 
                AttributeEnd
            AttributeEnd

            AttributeBegin
                # driver_screen_insert_sm.1
                ConcatTransform [ -0.99972564 -5.11590031e-07 0.023458235 0 -0.00305287563 0.991498709 -0.130083561 0 -0.0232587326 -0.130119428 -0.991226196 0 154.256332 252.174103 -64.2610245 1  ]

                AttributeBegin
                    NamedMaterial "Mat"
                    Shape "plymesh" "string filename" "geometry/mesh_00065.ply" 
                AttributeEnd
            AttributeEnd

            AttributeBegin
                # Sweep
                ConcatTransform [ 1 3.01991605e-07 4.50002559e-15 0 -3.0199169e-07 1.00000024 1.49011647e-08 0 -0 -1.4901163e-08 1.00000012 0 -1.94907188e-05 -2.86102295e-05 9.53674316e-06 1  ]

                AttributeBegin
                    NamedMaterial "Car Paint - Glossy Blue"
                    Shape "plymesh" "string filename" "geometry/mesh_00066.ply" 
                AttributeEnd

                AttributeBegin
                    # Cap 1
                    ConcatTransform [ 0.0480384789 -0.912780225 -0.405616283 0 0.262593478 0.403341621 -0.876561582 0 0.96371001 -0.0644035116 0.259066045 0 250.569534 239.574585 -147.26651 1  ]

                    AttributeBegin
                        NamedMaterial "Car Paint - Glossy Blue"
                        Shape "plymesh" "string filename" "geometry/mesh_00067.ply" 
                    AttributeEnd
                AttributeEnd

                AttributeBegin
                    # Cap 2
                    ConcatTransform [ -0.145217538 0.84019798 0.52247417 0 0.171603158 0.541457057 -0.823028922 0 -0.974404573 -0.0298600215 -0.222809687 0 227.578339 294.43808 -129.913696 1  ]

                    AttributeBegin
                        NamedMaterial "Car Paint - Glossy Blue"
                        Shape "plymesh" "string filename" "geometry/mesh_00068.ply" 
                    AttributeEnd
                AttributeEnd
            AttributeEnd

            AttributeBegin
                # driver_screen_insert
                ConcatTransform [ -0.999664426 -0.00835510716 0.0245535169 0 -0.0114766769 0.991463482 -0.129881278 0 -0.0232587326 -0.130119428 -0.991226196 0 150.429474 245.70401 -96.3758698 1  ]

                AttributeBegin
                    NamedMaterial "Mat"
                    Shape "plymesh" "string filename" "geometry/mesh_00069.ply" 
                AttributeEnd

                AttributeBegin
                    # Cap 1
                    ConcatTransform [ 0.0984474048 -8.80319178e-08 -0.995142281 0 0.0528781675 -0.998587251 0.00523121841 0 -0.993736386 -0.0531363003 -0.0983083174 0 -101.280678 -3.45500183 49.2850189 1  ]

